 0.9904    0.9764    0.0700    0.2782    0.3472    0.3262    0.6568    0.0486    0.5703    0.3991    0.7236    0.2435
    0.5009    0.5233    0.9500    0.0728    0.2537    0.8808    0.9904    0.1692    0.9766    0.8879    0.3830    0.7518
    0.3320    0.4299    0.1582    0.7512    0.9525    0.1334    0.0337    0.2584    0.4929    0.2565    0.2980    0.1991
    0.1739    0.2072    0.2864    0.8312    0.2982    0.1024    0.4243    0.1979    0.4009    0.9668    0.6917    0.9829
    0.6256    0.3234    0.6871    0.9223    0.1584    0.9591    0.4900    0.6057    0.9950    0.6192    0.8805    0.7096
    0.5751    0.1109    0.1411    0.3270    0.3613    0.1529    0.5835    0.8237    0.2610    0.1653    0.9245    0.1754
    0.7510    0.3752    0.5121    0.8041    0.7416    0.1525    0.0833    0.8106    0.6653    0.8262    0.0813    0.8583
    0.1535    0.3299    0.7213    0.5383    0.7059    0.1556    0.6602    0.8022    0.9643    0.6557    0.4827    0.9094
    0.3568    0.3421    0.9288    0.4633    0.7009    0.0896    0.0523    0.7081    0.6712    0.5465    0.1283    0.9617
    0.1440    0.8171    0.7321    0.8208    0.0062    0.4544    0.5568    0.8594    0.2992    0.2513    0.2529    0.5706
    0.8506    0.5317    0.7498    0.9519    0.3743    0.6689    0.7120    0.7811    0.5311    0.0402    0.8840    0.5629
    0.3379    0.5211    0.4073    0.0763    0.9015    0.8313    0.4879    0.2038    0.0015    0.2334    0.1963    0.1767
    0.2752    0.7743    0.2395    0.7087    0.3183    0.7902    0.6176    0.9933    0.8838    0.3611    0.1214    0.5137
    0.0060    0.1203    0.5209    0.2349    0.5971    0.7127    0.2138    0.0936    0.4044    0.6335    0.5437    0.5485
    0.8019    0.6255    0.2191    0.3989    0.2978    0.4726    0.6457    0.6506    0.3012    0.9861    0.3146    0.1653
    0.4974    0.3466    0.8424    0.2681    0.1250    0.7086    0.3806    0.2152    0.9506    0.2072    0.3820    0.4939
    0.5378    0.3346    0.6629    0.8325    0.3884    0.9581    0.1037    0.2439    0.4606    0.7571    0.7915    0.5351
    0.8709    0.5746    0.8162    0.9954    0.8177    0.5058    0.3775    0.3397    0.2876    0.8863    0.8392    0.1988
    0.7228    0.8639    0.7939    0.6498    0.9812    0.3051    0.2629    0.1979    0.0846    0.4722    0.6802    0.6232
    0.6681    0.1986    0.4691    0.7040    0.8620    0.7898    0.2413    0.5068    0.5822    0.1589    0.4169    0.0263
    0.1788    0.6725    0.3095    0.9323    0.0838    0.2364    0.6229    0.9508    0.1531    0.8109    0.6429    0.3188
    0.5505    0.9018    0.6876    0.6877    0.3377    0.2343    0.5229    0.3946    0.0731    0.4765    0.2141    0.5330
    0.9599    0.1992    0.9869    0.5684    0.2361    0.4647    0.4132    0.5845    0.5806    0.1163    0.6173    0.3268
    0.5960    0.2983    0.7699    0.3808    0.3178    0.6194    0.2178    0.6065    0.2870    0.8757    0.6752    0.6022
    0.8086    0.4965    0.8296    0.6346    0.9844    0.6153    0.8586    0.7146    0.3619    0.6352    0.6010    0.3619
    0.9845    0.8899    0.7061    0.3632    0.5483    0.1226    0.8610    0.4015    0.7248    0.0973    0.3463    0.1349
    0.8859    0.5014    0.5953    0.4076    0.7493    0.1238    0.2839    0.8587    0.8583    0.9084    0.3644    0.9138
    0.2138    0.2770    0.7529    0.3687    0.8419    0.2845    0.6154    0.9205    0.3479    0.0350    0.1715    0.6406
    0.0346    0.5340    0.4967    0.4684    0.1669    0.7357    0.7795    0.7508    0.9617    0.0397    0.7954    0.6588
    0.4511    0.5742    0.8651    0.5034    0.9031    0.4113    0.9548    0.2856    0.9536    0.9886    0.4927    0.6753
    0.0138    0.4128    0.0680    0.9105    0.1051    0.8290    0.9196    0.7968    0.2060    0.6862    0.3546    0.7446
    0.4737    0.0148    0.9685    0.2064    0.7451    0.9351    0.3848    0.1428    0.7682    0.3767    0.7751    0.8422
    0.9512    0.7028    0.0988    0.3386    0.7294    0.3991    0.1626    0.5046    0.6155    0.5043    0.2368    0.5167
    0.2490    0.5067    0.5470    0.5741    0.7175    0.0522    0.7968    0.6107    0.9189    0.7635    0.8448    0.1519
    0.3864    0.3813    0.4030    0.4869    0.1334    0.5712    0.1138    0.7038    0.6025    0.0489    0.8165    0.3807
    0.4314    0.0649    0.1070    0.2622    0.4458    0.7477    0.1588    0.3833    0.7021    0.7259    0.8462    0.8210
    0.8309    0.3586    0.7242    0.5796    0.5088    0.3202    0.3558    0.7287    0.7437    0.7013    0.3702    0.1714
    0.8246    0.2343    0.6137    0.8783    0.5305    0.4929    0.8478    0.8873    0.3851    0.4589    0.3832    0.3300
    0.4530    0.2035    0.7830    0.0610    0.8597    0.2217    0.5828    0.0558    0.2515    0.5823    0.8613    0.9665
    0.3806    0.8138    0.5666    0.4409    0.6777    0.9393    0.5862    0.1382    0.0368    0.3391    0.4639    0.8063
    0.9259    0.3934    0.8113    0.0843    0.8058    0.4823    0.9258    0.8631    0.4721    0.1706    0.5705    0.2222
    0.7408    0.0536    0.5768    0.5632    0.5312    0.5400    0.5751    0.4217    0.6451    0.3992    0.6953    0.9998
    0.7376    0.3751    0.9440    0.5393    0.9559    0.2211    0.0100    0.4113    0.2790    0.9198    0.9609    0.0637
    0.9469    0.7750    0.8715    0.7681    0.0667    0.0959    0.8094    0.9591    0.5179    0.2260    0.5463    0.4255
    0.5101    0.1653    0.5076    0.2331    0.5415    0.0602    0.6088    0.7502    0.2457    0.3610    0.6366    0.4043
    0.7919    0.9122    0.7888    0.5874    0.2817    0.8195    0.4799    0.9810    0.2975    0.3246    0.5709    0.4003
    0.4522    0.3192    0.4730    0.4590    0.4809    0.7715    0.2684    0.2335    0.6505    0.0836    0.9271    0.1119
    0.8492    0.3298    0.8288    0.8610    0.6849    0.1957    0.2581    0.0962    0.8914    0.5127    0.8638    0.4243
    0.3904    0.2042    0.3225    0.6608    0.2083    0.8951    0.4810    0.3846    0.8611    0.8329    0.1698    0.6135
    0.7384    0.7672    0.9761    0.3539    0.6082    0.6843    0.2273    0.5003    0.2099    0.9046    0.1787    0.9881 0.6074    0.8866    0.0596    0.5444    0.0850    0.3020    0.2197    0.6402    0.1874    0.5609    0.1320    0.2881
    0.5884    0.4468    0.2687    0.8749    0.0683    0.0896    0.4063    0.1629    0.5317    0.4945    0.4528    0.2503
    0.4334    0.8160    0.9867    0.1210    0.4098    0.8260    0.6299    0.5659    0.3550    0.0678    0.6522    0.4884
    0.2442    0.0983    0.7722    0.8564    0.1234    0.3896    0.5553    0.9316    0.3148    0.8976    0.8270    0.7290
    0.4290    0.8596    0.4754    0.8998    0.4430    0.7753    0.1276    0.7831    0.7267    0.2886    0.3081    0.2026
    0.0102    0.0276    0.6809    0.2179    0.8989    0.1794    0.1692    0.6857    0.5158    0.2690    0.4024    0.2163
    0.6088    0.8992    0.4169    0.0770    0.3536    0.1094    0.0010    0.4662    0.7906    0.5942    0.8842    0.9763
    0.9580    0.8999    0.3801    0.4742    0.1202    0.9052    0.4182    0.2603    0.2045    0.4759    0.7006    0.5932
    0.0954    0.5241    0.2133    0.8350    0.5691    0.8764    0.4885    0.5693    0.6781    0.3683    0.2419    0.3044
    0.0356    0.1202    0.3829    0.4694    0.8750    0.9998    0.1599    0.2488    0.0525    0.6556    0.7598    0.9677
    0.8862    0.1778    0.0297    0.4138    0.3486    0.8643    0.6668    0.3193    0.8012    0.9382    0.2909    0.8960
    0.2469    0.7061    0.4723    0.5027    0.0419    0.0369    0.0179    0.9108    0.6786    0.6204    0.2774    0.1900
    0.0089    0.8314    0.3334    0.1254    0.1423    0.5447    0.1197    0.8852    0.9460    0.2828    0.0061    0.0018
    0.8149    0.0348    0.9758    0.1323    0.0766    0.9976    0.9521    0.7946    0.0916    0.2052    0.3747    0.7118
    0.1405    0.7578    0.5554    0.8705    0.7405    0.5110    0.9759    0.9258    0.9084    0.4391    0.4369    0.8677
    0.8799    0.9571    0.8463    0.6030    0.4565    0.8735    0.0309    0.1788    0.5100    0.0273    0.3043    0.1183
    0.0954    0.3429    0.4081    0.2653    0.6682    0.0702    0.4939    0.5175    0.6149    0.8762    0.2909    0.0390
    0.3526    0.6382    0.4620    0.8648    0.6992    0.9875    0.8627    0.6270    0.3161    0.6101    0.2425    0.5982
    0.5934    0.3430    0.8263    0.0581    0.5714    0.9227    0.2429    0.9132    0.0775    0.2036    0.9367    0.6043
    0.5852    0.2165    0.9912    0.4578    0.6287    0.5643    0.8343    0.6640    0.8506    0.5199    0.8602    0.5164
    0.6677    0.7862    0.5239    0.7222    0.8778    0.4315    0.8136    0.3892    0.1445    0.0538    0.3972    0.0075
    0.6480    0.7231    0.9254    0.3390    0.6624    0.3378    0.6290    0.7400    0.3705    0.8622    0.4794    0.6889
    0.4334    0.2788    0.7390    0.4012    0.8754    0.7207    0.0022    0.8176    0.6224    0.4429    0.5650    0.9460
    0.1398    0.5824    0.5674    0.5270    0.4675    0.0137    0.3797    0.6003    0.9976    0.5480    0.4896    0.8735
    0.7519    0.4210    0.9688    0.8942    0.1413    0.3741    0.9044    0.0850    0.5173    0.5669    0.2698    0.1133
    0.2418    0.0921    0.8245    0.7784    0.0681    0.9227    0.6804    0.9224    0.9905    0.6804    0.9897    0.3546
    0.6505    0.0240    0.9596    0.0694    0.7142    0.5465    0.3788    0.0536    0.2265    0.3714    0.1837    0.2419
    0.8574    0.4911    0.6463    0.2788    0.3080    0.4739    0.6320    0.5270    0.3980    0.0782    0.8617    0.5603
    0.0844    0.2783    0.3796    0.3794    0.6712    0.4965    0.2433    0.1189    0.6966    0.4564    0.0326    0.6127
    0.9721    0.3398    0.4766    0.8647    0.6524    0.3090    0.5714    0.3801    0.0646    0.0478    0.3320    0.3008
    0.0315    0.2873    0.9119    0.4200    0.5310    0.9508    0.9817    0.8128    0.7477    0.7383    0.7487    0.7981
    0.8354    0.1709    0.0149    0.2399    0.7151    0.9820    0.8497    0.2441    0.4204    0.0380    0.6444    0.7956
    0.8357    0.3993    0.1567    0.5977    0.5048    0.5136    0.2834    0.8844    0.8113    0.9542    0.1692    0.7811
    0.0499    0.6976    0.4716    0.4794    0.4880    0.9926    0.6825    0.7126    0.3796    0.7424    0.9522    0.3511
    0.5459    0.2037    0.5430    0.8985    0.4978    0.4558    0.3581    0.3781    0.3191    0.9374    0.5433    0.0543
    0.9432    0.6663    0.0597    0.9347    0.9360    0.4260    0.9869    0.2489    0.9861    0.5134    0.2514    0.7087
    0.3215    0.4431    0.6580    0.8179    0.3893    0.2132    0.0840    0.2529    0.7182    0.2409    0.5786    0.9929
    0.8065    0.4333    0.8896    0.7089    0.1171    0.1932    0.2503    0.7672    0.4132    0.2600    0.9155    0.1625
    0.6014    0.1752    0.1096    0.7432    0.2404    0.8328    0.8113    0.0499    0.0986    0.7590    0.8956    0.1136
    0.7896    0.1932    0.4378    0.8997    0.6849    0.7266    0.0844    0.6853    0.7346    0.9933    0.4825    0.9129
    0.7992    0.6164    0.2802    0.0652    0.8393    0.5297    0.5313    0.6203    0.6373    0.3567    0.4427    0.4817
    0.0496    0.2690    0.9852    0.3359    0.9701    0.8291    0.8006    0.7467    0.0738    0.7529    0.3118    0.8518
    0.2832    0.5597    0.6088    0.0043    0.2152    0.5119    0.7388    0.9773    0.1205    0.1100    0.0553    0.8099
    0.6535    0.9448    0.2537    0.8281    0.7603    0.5520    0.1417    0.3839    0.9816    0.5970    0.7538    0.1868
    0.4897    0.7145    0.1326    0.5074    0.5841    0.2133    0.4379    0.2602    0.4968    0.4306    0.1319    0.2472
    0.9729    0.6792    0.5450    0.3662    0.4030    0.5878    0.3504    0.8775    0.0224    0.7307    0.3559    0.0542
    0.7485    0.9594    0.8278    0.2266    0.5100    0.1428    0.4785    0.8061    0.0538    0.2612    0.3959    0.6090
    0.5678    0.7753    0.8370    0.5348    0.4956    0.0522    0.5874    0.4611    0.1409    0.0948    0.8855    0.7772
    0.2990    0.6077    0.8333    0.2895    0.6514    0.6833    0.1458    0.0910    0.8935    0.4510    0.0212    0.5111
    0.2561    0.9480    0.2037    0.0684    0.7437    0.6086    0.9053    0.5643    0.4658    0.6401    0.8441    0.0278